********************************************************************************
STREME - Sensitive, Thorough, Rapid, Enriched Motif Elicitation
********************************************************************************
MEME version 5.3.3 (Release date: Sun Feb 7 15:39:52 2021 -0800)

For further information on how to interpret these results please access https://meme-suite.org/meme.
To get a copy of the MEME Suite software please access https://meme-suite.org.

********************************************************************************


********************************************************************************
REFERENCE
********************************************************************************
If you use this program in your research, please cite:

Timothy L. Bailey,
"STREME: Accurate and versatile sequence motif discovery",
bioRxiv, (preprint), Nov. 23, 2020.
********************************************************************************


ALPHABET= ACGU

strands: +

Background letter frequencies
A 0.206 C 0.312 G 0.299 U 0.182 

MOTIF 1-NNNYCUCCAVNNNNN STREME-1
letter-probability matrix: alength= 4 w= 15 nsites= 9770 P= 4.6e-088
 0.238038 0.303771 0.218752 0.239439
 0.197265 0.311595 0.256901 0.234239
 0.202257 0.340327 0.220278 0.237138
 0.211540 0.446772 0.000665 0.341023
 0.000004 0.999988 0.000005 0.000003
 0.000004 0.000005 0.000005 0.999986
 0.000978 0.996233 0.000249 0.002540
 0.000004 0.900780 0.016597 0.082619
 0.996160 0.000005 0.003832 0.000003
 0.257280 0.192070 0.373485 0.177165
 0.238628 0.236446 0.337202 0.187724
 0.222627 0.252711 0.312894 0.211768
 0.221520 0.295193 0.253540 0.229746
 0.192086 0.331001 0.280992 0.195921
 0.229104 0.269985 0.274701 0.226210

MOTIF 2-NNHBCRGGGNN STREME-2
letter-probability matrix: alength= 4 w= 11 nsites= 15331 P= 4.2e-019
 0.256203 0.194086 0.244502 0.305208
 0.229928 0.311565 0.206634 0.251873
 0.246821 0.366330 0.164805 0.222044
 0.138131 0.340103 0.240855 0.280911
 0.000003 0.999990 0.000004 0.000003
 0.347518 0.000004 0.652475 0.000003
 0.258253 0.000687 0.699902 0.041158
 0.083729 0.013577 0.902692 0.000003
 0.234499 0.127717 0.543855 0.093929
 0.260106 0.273159 0.273054 0.193680
 0.186183 0.346505 0.264840 0.202472

MOTIF 3-KUDGCCAMAUGDDN STREME-3
letter-probability matrix: alength= 4 w= 14 nsites= 366 P= 2.6e-008
 0.129910 0.066276 0.514324 0.289490
 0.006575 0.000146 0.000140 0.993139
 0.235535 0.055213 0.247911 0.461341
 0.022771 0.009864 0.946500 0.020865
 0.000096 0.999679 0.000140 0.000085
 0.000096 0.999679 0.000140 0.000085
 0.973715 0.006625 0.019575 0.000085
 0.542027 0.336552 0.058446 0.062976
 0.716776 0.092189 0.040355 0.150679
 0.000096 0.000146 0.003379 0.996379
 0.014398 0.000146 0.967830 0.017626
 0.248418 0.170175 0.218831 0.362576
 0.302935 0.151841 0.240162 0.305062
 0.249212 0.217970 0.229269 0.303548

MOTIF 4-CUGGAGAA STREME-4
letter-probability matrix: alength= 4 w= 8 nsites= 329 P= 2.7e-003
 0.015354 0.983149 0.000929 0.000568
 0.332099 0.000971 0.000929 0.666000
 0.039130 0.000971 0.959331 0.000568
 0.166988 0.070924 0.726868 0.035220
 0.920611 0.000971 0.000929 0.077488
 0.000641 0.100081 0.868048 0.031230
 0.888563 0.095227 0.000929 0.015280
 0.997532 0.000971 0.000929 0.000568

MOTIF 5-CGCGGCGGCCG STREME-5
letter-probability matrix: alength= 4 w= 11 nsites= 190 P= 2.1e-002
 0.007744 0.925281 0.051736 0.015239
 0.015265 0.070713 0.888141 0.025881
 0.000224 0.981092 0.003446 0.015239
 0.001672 0.181249 0.791198 0.025881
 0.045347 0.032190 0.922266 0.000198
 0.009193 0.938919 0.000324 0.051563
 0.000224 0.151549 0.730256 0.117971
 0.025906 0.220526 0.682564 0.071004
 0.010865 0.832292 0.034473 0.122370
 0.022785 0.649041 0.270232 0.057941
 0.046796 0.140191 0.805294 0.007718

MOTIF 6-UGCAGGAG STREME-6
letter-probability matrix: alength= 4 w= 8 nsites= 86 P= 4.8e-002
 0.018745 0.028400 0.027173 0.925682
 0.018745 0.028400 0.936264 0.016591
 0.018745 0.937491 0.027173 0.016591
 0.927836 0.028400 0.027173 0.016591
 0.018745 0.028400 0.936264 0.016591
 0.018745 0.028400 0.936264 0.016591
 0.927836 0.028400 0.027173 0.016591
 0.018745 0.028400 0.936264 0.016591

MOTIF 7-CWUCCAGGWGNUSS STREME-7
letter-probability matrix: alength= 4 w= 14 nsites= 242 P= 3.4e-001
 0.009049 0.837204 0.122420 0.031326
 0.362357 0.000201 0.013567 0.623874
 0.031342 0.049244 0.053693 0.865722
 0.009049 0.862105 0.086752 0.042093
 0.000133 0.999558 0.000192 0.000117
 0.710449 0.129496 0.000192 0.159863
 0.000133 0.000201 0.999549 0.000117
 0.101919 0.079695 0.804894 0.013493
 0.500569 0.171472 0.009109 0.318850
 0.017966 0.210840 0.688975 0.082219
 0.188479 0.360576 0.250956 0.199988
 0.201854 0.077845 0.091211 0.629090
 0.126819 0.252816 0.420377 0.199988
 0.165094 0.237591 0.450828 0.146487

MOTIF 8-UUGGGAGGCUGAGGY STREME-8
letter-probability matrix: alength= 4 w= 15 nsites= 34 P= 5.0e-001
 0.001057 0.179252 0.001532 0.818159
 0.001057 0.214784 0.001532 0.782626
 0.072117 0.001601 0.925346 0.000935
 0.001057 0.001601 0.996406 0.000935
 0.001057 0.001601 0.996406 0.000935
 0.995931 0.001601 0.001532 0.000935
 0.001057 0.001601 0.925346 0.071996
 0.001057 0.001601 0.996406 0.000935
 0.001057 0.925415 0.072592 0.000935
 0.072117 0.143723 0.108123 0.676037
 0.214239 0.037132 0.747694 0.000935
 0.960401 0.001601 0.037062 0.000935
 0.001057 0.001601 0.996406 0.000935
 0.001057 0.037132 0.960876 0.000935
 0.036587 0.605641 0.001532 0.356240

MOTIF 9-UUGCCCAGGCUGGAG STREME-9
letter-probability matrix: alength= 4 w= 15 nsites= 37 P= 1.0e+000
 0.031372 0.062305 0.123178 0.783144
 0.000906 0.113431 0.001314 0.884349
 0.000906 0.001373 0.935986 0.061734
 0.031372 0.844647 0.092712 0.031268
 0.031372 0.966512 0.001314 0.000802
 0.000906 0.996978 0.001314 0.000802
 0.966045 0.001373 0.001314 0.031268
 0.031372 0.001373 0.966452 0.000802
 0.000906 0.031839 0.966452 0.000802
 0.000906 0.996978 0.001314 0.000802
 0.031372 0.001373 0.001314 0.965941
 0.000906 0.031839 0.935986 0.031268
 0.061838 0.306034 0.631325 0.000802
 0.813714 0.184170 0.001314 0.000802
 0.183703 0.245102 0.570393 0.000802

********************************************************************************
Stopped because 3 consecutive motifs exceeded the p-value threshold (0.05).
********************************************************************************
COMMAND:	streme --oc STREME --rna -p merged.fa
********************************************************************************
CPU:		ubuntu
********************************************************************************
FINALTIME:	272.88 seconds
********************************************************************************
