********************************************************************************
STREME - Sensitive, Thorough, Rapid, Enriched Motif Elicitation
********************************************************************************
MEME version 5.3.3 (Release date: Sun Feb 7 15:39:52 2021 -0800)

For further information on how to interpret these results please access https://meme-suite.org/meme.
To get a copy of the MEME Suite software please access https://meme-suite.org.

********************************************************************************


********************************************************************************
REFERENCE
********************************************************************************
If you use this program in your research, please cite:

Timothy L. Bailey,
"STREME: Accurate and versatile sequence motif discovery",
bioRxiv, (preprint), Nov. 23, 2020.
********************************************************************************


ALPHABET= ACGU

strands: +

Background letter frequencies
A 0.253 C 0.235 G 0.231 U 0.282 

MOTIF 1-CAAUUAUUN STREME-1
letter-probability matrix: alength= 4 w= 9 nsites= 16972 P= 4.4e-122
 0.061061 0.622035 0.094771 0.222133
 0.946337 0.011123 0.002613 0.039928
 0.993151 0.001987 0.004004 0.000858
 0.003306 0.002358 0.004729 0.989607
 0.002613 0.197252 0.004050 0.796085
 0.985502 0.002074 0.010498 0.001926
 0.013164 0.002197 0.003160 0.981479
 0.002049 0.001984 0.022335 0.973631
 0.178601 0.284189 0.203956 0.333254

MOTIF 2-KAUUGCAYMAYN STREME-2
letter-probability matrix: alength= 4 w= 12 nsites= 9534 P= 6.1e-110
 0.129181 0.096201 0.340380 0.434237
 0.751239 0.052934 0.195820 0.000007
 0.000006 0.000006 0.000006 0.999982
 0.000006 0.000006 0.000006 0.999982
 0.038710 0.000006 0.743607 0.217677
 0.000006 0.999981 0.000006 0.000007
 0.715538 0.053759 0.121773 0.108930
 0.082956 0.499018 0.000006 0.418020
 0.614056 0.385931 0.000006 0.000007
 0.999981 0.000006 0.000006 0.000007
 0.000006 0.360718 0.003815 0.635461
 0.247194 0.235953 0.274414 0.242439

MOTIF 3-UGUUURCWYWGN STREME-3
letter-probability matrix: alength= 4 w= 12 nsites= 7045 P= 3.3e-081
 0.001576 0.000008 0.000007 0.998409
 0.101250 0.002108 0.896634 0.000009
 0.000008 0.000008 0.000007 0.999977
 0.000008 0.000231 0.014556 0.985205
 0.001346 0.000008 0.086142 0.912504
 0.517260 0.016851 0.420251 0.045638
 0.000008 0.935155 0.000007 0.064829
 0.319109 0.105873 0.004262 0.570757
 0.037618 0.386968 0.062548 0.512866
 0.411970 0.000900 0.020351 0.566779
 0.094574 0.131440 0.546162 0.227824
 0.241821 0.252630 0.251747 0.253802

MOTIF 4-CCWUUGUYYUN STREME-4
letter-probability matrix: alength= 4 w= 11 nsites= 4837 P= 2.0e-058
 0.005367 0.675107 0.132282 0.187244
 0.000019 0.956846 0.000018 0.043117
 0.644915 0.000018 0.000018 0.355050
 0.001609 0.000018 0.000547 0.997826
 0.000549 0.000018 0.000018 0.999415
 0.000019 0.000018 0.999941 0.000022
 0.000019 0.000238 0.000018 0.999725
 0.000019 0.394125 0.003436 0.602420
 0.000019 0.405178 0.000018 0.594785
 0.016930 0.253781 0.080015 0.649274
 0.259057 0.206115 0.234368 0.300460

MOTIF 5-AAVCAGGAAGUG STREME-5
letter-probability matrix: alength= 4 w= 12 nsites= 3293 P= 5.9e-049
 0.602916 0.090494 0.232814 0.073776
 0.690348 0.066244 0.136616 0.106791
 0.301765 0.366161 0.227826 0.104249
 0.046590 0.786192 0.167200 0.000019
 0.738795 0.260510 0.000016 0.000679
 0.000017 0.000016 0.999948 0.000019
 0.000950 0.000016 0.999016 0.000019
 0.999950 0.000016 0.000016 0.000019
 0.999483 0.000482 0.000016 0.000019
 0.057470 0.000209 0.942302 0.000019
 0.109748 0.149029 0.004133 0.737089
 0.177491 0.120745 0.660859 0.040905

MOTIF 6-CAARAUGGCBGC STREME-6
letter-probability matrix: alength= 4 w= 12 nsites= 2660 P= 3.5e-024
 0.122012 0.670480 0.117600 0.089908
 0.974471 0.000835 0.023181 0.001512
 0.975616 0.004472 0.015995 0.003917
 0.301600 0.157531 0.507455 0.033414
 0.999920 0.000025 0.000025 0.000030
 0.000027 0.000333 0.000766 0.998875
 0.001076 0.000025 0.998869 0.000030
 0.000027 0.000025 0.999918 0.000030
 0.125508 0.791206 0.000766 0.082520
 0.128456 0.224253 0.388524 0.258768
 0.107123 0.099271 0.703077 0.090530
 0.191497 0.657363 0.055040 0.096100

MOTIF 7-GGGGRUUCCCCD STREME-7
letter-probability matrix: alength= 4 w= 12 nsites= 4087 P= 4.1e-017
 0.000030 0.000028 0.999910 0.000033
 0.000030 0.000028 0.999910 0.000033
 0.000030 0.000028 0.999910 0.000033
 0.127539 0.000028 0.872400 0.000033
 0.606401 0.069438 0.324128 0.000033
 0.283561 0.000028 0.128678 0.587733
 0.000030 0.249687 0.138519 0.611764
 0.000030 0.695935 0.000027 0.304008
 0.000030 0.977911 0.000027 0.022033
 0.000030 0.999910 0.000027 0.000033
 0.002089 0.941018 0.047290 0.009603
 0.235063 0.141633 0.342535 0.280770

MOTIF 8-GGUCASMNUGHC STREME-8
letter-probability matrix: alength= 4 w= 12 nsites= 1237 P= 2.6e-014
 0.017005 0.000035 0.976218 0.006742
 0.000038 0.000035 0.999884 0.000042
 0.000038 0.001080 0.072662 0.926220
 0.000038 0.952099 0.047820 0.000042
 0.999887 0.000035 0.000035 0.000042
 0.040671 0.531528 0.350627 0.077174
 0.253540 0.414207 0.199372 0.132881
 0.198703 0.311292 0.300535 0.189469
 0.202699 0.091587 0.046856 0.658858
 0.066493 0.011524 0.921941 0.000042
 0.389160 0.225560 0.180796 0.204483
 0.008827 0.877554 0.016134 0.097485

MOTIF 9-GRUGACUCAKN STREME-9
letter-probability matrix: alength= 4 w= 11 nsites= 216 P= 8.4e-003
 0.063659 0.000377 0.801831 0.134132
 0.564078 0.000377 0.435092 0.000453
 0.000406 0.000377 0.000371 0.998846
 0.000406 0.000377 0.998764 0.000453
 0.998799 0.000377 0.000371 0.000453
 0.000406 0.722350 0.276791 0.000453
 0.000406 0.000377 0.000371 0.998846
 0.000406 0.983006 0.011511 0.005076
 0.987659 0.011517 0.000371 0.000453
 0.000406 0.190300 0.305382 0.503912
 0.333750 0.226733 0.199595 0.239922

MOTIF 10-CUAUUGUCCCGG STREME-10
letter-probability matrix: alength= 4 w= 12 nsites= 36 P= 2.5e-001
 0.002166 0.933991 0.001981 0.061861
 0.002166 0.002012 0.001981 0.993841
 0.993590 0.002012 0.001981 0.002417
 0.002166 0.002012 0.061426 0.934396
 0.002166 0.002012 0.001981 0.993841
 0.002166 0.002012 0.993405 0.002417
 0.002166 0.002012 0.001981 0.993841
 0.002166 0.933991 0.001981 0.061861
 0.002166 0.874547 0.001981 0.121306
 0.002166 0.993436 0.001981 0.002417
 0.061611 0.120901 0.815071 0.002417
 0.239947 0.061456 0.517845 0.180751

********************************************************************************
Stopped because maximum number of motifs (10) reached.
********************************************************************************
COMMAND:	streme --rna --nmotifs 10 --maxw 12 --minw 6 --objfun de --p ../../sim_out.100k.final.fa --oc ../results/simulate_meme_2
********************************************************************************
CPU:		node2
********************************************************************************
FINALTIME:	427.93 seconds
********************************************************************************
