********************************************************************************
STREME - Sensitive, Thorough, Rapid, Enriched Motif Elicitation
********************************************************************************
MEME version 5.3.3 (Release date: Sun Feb 7 15:39:52 2021 -0800)

For further information on how to interpret these results please access https://meme-suite.org/meme.
To get a copy of the MEME Suite software please access https://meme-suite.org.

********************************************************************************


********************************************************************************
REFERENCE
********************************************************************************
If you use this program in your research, please cite:

Timothy L. Bailey,
"STREME: Accurate and versatile sequence motif discovery",
bioRxiv, (preprint), Nov. 23, 2020.
********************************************************************************


ALPHABET= ACGU

strands: +

Background letter frequencies
A 0.253 C 0.235 G 0.231 U 0.282 

MOTIF 1-KAUUGCAYMAYNNNN STREME-1
letter-probability matrix: alength= 4 w= 15 nsites= 9816 P= 1.5e-128
 0.119402 0.079142 0.337599 0.463857
 0.792946 0.040506 0.165168 0.001380
 0.000137 0.000268 0.000268 0.999326
 0.000192 0.000004 0.000004 0.999800
 0.023177 0.000004 0.798844 0.177975
 0.000005 0.999853 0.000136 0.000005
 0.793573 0.036955 0.090812 0.078660
 0.078159 0.504555 0.000136 0.417150
 0.638195 0.361531 0.000268 0.000005
 0.999722 0.000268 0.000004 0.000005
 0.000005 0.339946 0.011056 0.648993
 0.244640 0.238573 0.269530 0.247257
 0.245083 0.246414 0.246034 0.262470
 0.252401 0.245421 0.247830 0.254348
 0.246733 0.270275 0.242428 0.240564

MOTIF 2-NCAAUUAUUN STREME-2
letter-probability matrix: alength= 4 w= 10 nsites= 18859 P= 5.6e-128
 0.283270 0.225631 0.230896 0.260202
 0.069750 0.576932 0.114805 0.238513
 0.849813 0.086796 0.000006 0.063384
 0.999981 0.000006 0.000006 0.000007
 0.000007 0.000006 0.000006 0.999981
 0.000007 0.252621 0.000006 0.747367
 0.884952 0.000006 0.115035 0.000007
 0.000072 0.000006 0.000006 0.999916
 0.000007 0.000006 0.050828 0.949159
 0.189501 0.261512 0.198645 0.350342

MOTIF 3-UGUUURCWYWGNNNN STREME-3
letter-probability matrix: alength= 4 w= 15 nsites= 6943 P= 2.2e-089
 0.000006 0.000006 0.000006 0.999983
 0.101087 0.000006 0.898900 0.000007
 0.000006 0.000006 0.000006 0.999983
 0.000006 0.000006 0.020323 0.979665
 0.000006 0.000006 0.080753 0.919235
 0.531554 0.012686 0.410634 0.045126
 0.000006 0.930393 0.000006 0.069595
 0.324937 0.109934 0.004098 0.561031
 0.040129 0.411176 0.069594 0.479101
 0.427428 0.000006 0.023368 0.549198
 0.096976 0.138182 0.535135 0.229707
 0.245235 0.253660 0.252381 0.248724
 0.255255 0.252579 0.248125 0.244040
 0.248012 0.249953 0.250364 0.251671
 0.243892 0.249142 0.246483 0.260484

MOTIF 4-AAVCAGGAAGUGNNN STREME-4
letter-probability matrix: alength= 4 w= 15 nsites= 3602 P= 2.9e-054
 0.556867 0.093248 0.261327 0.088558
 0.641353 0.074122 0.158884 0.125641
 0.299597 0.354694 0.231247 0.114461
 0.044744 0.782654 0.172589 0.000013
 0.673142 0.326833 0.000011 0.000013
 0.000012 0.000011 0.999963 0.000013
 0.000012 0.000011 0.999963 0.000013
 0.999964 0.000011 0.000011 0.000013
 0.999964 0.000011 0.000011 0.000013
 0.065075 0.000011 0.934900 0.000013
 0.105839 0.149876 0.001998 0.742286
 0.189320 0.125233 0.639246 0.046201
 0.260591 0.248695 0.258638 0.232076
 0.245601 0.240038 0.265399 0.248963
 0.247007 0.248746 0.263039 0.241208

MOTIF 5-CWUUGUYYU STREME-5
letter-probability matrix: alength= 4 w= 9 nsites= 3818 P= 8.7e-046
 0.000032 0.968393 0.000029 0.031547
 0.561524 0.000029 0.000029 0.438418
 0.000032 0.000029 0.000351 0.999588
 0.000268 0.000160 0.000390 0.999182
 0.000032 0.000029 0.999034 0.000905
 0.000032 0.000029 0.000029 0.999910
 0.000032 0.584811 0.000029 0.415128
 0.000032 0.423427 0.000029 0.576512
 0.001461 0.285815 0.065993 0.646731

MOTIF 6-NNCAARAUGGCBGCN STREME-6
letter-probability matrix: alength= 4 w= 15 nsites= 2642 P= 2.1e-028
 0.238036 0.262736 0.249509 0.249719
 0.252883 0.253073 0.254998 0.239046
 0.140210 0.666335 0.107447 0.086008
 0.985703 0.000016 0.014262 0.000019
 0.990736 0.000016 0.009230 0.000019
 0.344706 0.155377 0.478603 0.021314
 0.999950 0.000016 0.000015 0.000019
 0.000017 0.000016 0.000015 0.999952
 0.000017 0.000016 0.999948 0.000019
 0.000017 0.000016 0.999948 0.000019
 0.112106 0.803389 0.000015 0.084490
 0.117049 0.227533 0.406727 0.248691
 0.112492 0.118748 0.674556 0.094204
 0.185651 0.660152 0.050768 0.103428
 0.243105 0.242824 0.264543 0.249527

MOTIF 7-AGGUCASMNUGMCCY STREME-7
letter-probability matrix: alength= 4 w= 15 nsites= 1636 P= 1.4e-020
 0.682160 0.004612 0.305332 0.007896
 0.042518 0.000024 0.908149 0.049308
 0.001456 0.000024 0.998490 0.000029
 0.000741 0.006042 0.097746 0.895471
 0.000026 0.948321 0.051624 0.000029
 0.994620 0.000024 0.003600 0.001756
 0.055742 0.520990 0.332580 0.090689
 0.265748 0.403953 0.200014 0.130284
 0.207803 0.312105 0.269076 0.211016
 0.196549 0.111213 0.057291 0.634946
 0.109191 0.025527 0.863823 0.001459
 0.399628 0.236528 0.167117 0.196726
 0.036972 0.820737 0.031964 0.110327
 0.105159 0.744370 0.000024 0.150447
 0.092620 0.320584 0.072030 0.514766

MOTIF 8-GGGGRUUCCCCNNN STREME-8
letter-probability matrix: alength= 4 w= 14 nsites= 4050 P= 9.9e-018
 0.000016 0.000015 0.999952 0.000017
 0.000016 0.000015 0.999952 0.000017
 0.000016 0.000015 0.999952 0.000017
 0.101692 0.000015 0.898276 0.000017
 0.608470 0.045127 0.346386 0.000017
 0.293709 0.000015 0.114535 0.591741
 0.000016 0.264495 0.111311 0.624179
 0.000016 0.706307 0.000014 0.293664
 0.000016 0.979953 0.000014 0.020018
 0.000016 0.999953 0.000014 0.000017
 0.000016 0.957682 0.038293 0.004009
 0.243450 0.195638 0.288887 0.272024
 0.240640 0.237535 0.273243 0.248581
 0.212001 0.283592 0.263043 0.241365

MOTIF 9-NCUWUUGUYYYNNNN STREME-9
letter-probability matrix: alength= 4 w= 15 nsites= 523 P= 1.4e-005
 0.167855 0.285913 0.267853 0.278379
 0.000081 0.628843 0.217392 0.153685
 0.000081 0.000075 0.000074 0.999771
 0.616504 0.000075 0.000074 0.383347
 0.000081 0.000075 0.000074 0.999771
 0.000081 0.000075 0.000074 0.999771
 0.000081 0.000075 0.999755 0.000090
 0.000081 0.000075 0.000074 0.999771
 0.000081 0.517034 0.000074 0.482811
 0.000081 0.453145 0.000074 0.546701
 0.000081 0.346508 0.118304 0.535108
 0.237833 0.205424 0.293460 0.263283
 0.209851 0.212597 0.295670 0.281883
 0.263815 0.246503 0.246126 0.243556
 0.213520 0.261975 0.302843 0.221663

MOTIF 10-RUGACUCABNNDNNN STREME-10
letter-probability matrix: alength= 4 w= 15 nsites= 190 P= 3.2e-002
 0.435083 0.000185 0.564509 0.000222
 0.000199 0.000185 0.000182 0.999433
 0.000199 0.000185 0.999393 0.000222
 0.999410 0.000185 0.000182 0.000222
 0.000199 0.745463 0.248644 0.005693
 0.000199 0.000185 0.016595 0.983020
 0.000199 0.958829 0.016595 0.024377
 0.977526 0.000185 0.005653 0.016635
 0.033025 0.220363 0.348461 0.398151
 0.307911 0.283225 0.197135 0.211729
 0.275086 0.264130 0.203017 0.257767
 0.371703 0.132828 0.209418 0.286051
 0.220377 0.230375 0.318836 0.230412
 0.275086 0.243587 0.247714 0.233612
 0.193022 0.337522 0.292823 0.176633

********************************************************************************
Stopped because maximum number of motifs (10) reached.
********************************************************************************
COMMAND:	streme --rna --nmotifs 10 --maxw 15 --minw 6 --objfun de --p ../../sim_out.100k.final.fa --oc ../results/simulate_meme_3
********************************************************************************
CPU:		node2
********************************************************************************
FINALTIME:	631.86 seconds
********************************************************************************
